0.000000000000000000e+00
1.350719598603806416e-08
3.644613038046041183e-09
4.588889076857790142e-09
3.199788547746515294e-09
4.735548656254048155e-09
3.163586088582076758e-09
7.697859374422675843e-09
2.432624632895081240e-10
5.862994353277323684e-10
1.528534698181090613e-08
9.902235967248056913e-10
2.957333776491372033e-09
3.605927036213213295e-09
2.555930023848224503e-09
9.095622480765517558e-09
1.064983612441676416e-09
7.450177997299898222e-09
1.233645376680433285e-09
6.376958513417386325e-09
1.660155488464738466e-09
2.463915513930343265e-09
4.884061997439789980e-09
3.716859461275486860e-09
2.937059452730893385e-09
5.046641667510689336e-09
3.005525479565640210e-09
1.332282325954230583e-09
1.735354202859300731e-08
7.135996548265360797e-09
1.225448008010581088e-08
2.841426373523445489e-08
4.028117337618435433e-09
4.360056334591850729e-09
9.941023447202325375e-10
6.117525720837102260e-09
1.037341845524292618e-09
1.078197795451812316e-09
2.629218758631313874e-09
6.908819287230185381e-10
5.899473536587443376e-09
2.852029946235919698e-09
1.374272220408728775e-10
4.329448442315272180e-09
6.598055420915011805e-12
2.522178295569408826e-09
4.268924561646392813e-09
2.769401566689437626e-09
1.245807702323458889e-09
1.687203864363687712e-08
1.511608946823873972e-09
1.094501387148455785e-10
6.384945940584538005e-09
1.679717386400164797e-08
4.492872664259558164e-09
5.134653697380729062e-09
4.216639023684144376e-09
1.444697510425602062e-09
2.078608055519891123e-09
6.330738310977393838e-09
3.269663358904198826e-09
1.905571998445871107e-08
2.335231939704562899e-09
2.929740927249413185e-09
1.394899093040632119e-10
7.895990118935608662e-09
1.761652674406551921e-09
2.665514192728720034e-09
8.502096219876655324e-09
5.558889665661107228e-09
5.398075102051920694e-10
9.884573921698198807e-11
9.003912109828190319e-09
6.761419307382731505e-09
8.659144030982345535e-09
2.389731604242969879e-09
9.885235860696173651e-09
2.064106085470574833e-09
3.234996794674169408e-09
1.178352688593397110e-09
8.252140504389915501e-09
1.004039129450478101e-09
6.517320719154339233e-09
2.442616000734509868e-10
2.850169592066594155e-10
6.639142079542746810e-10
5.839590029841877005e-09
2.501861756211661134e-09
9.903978839850936842e-09
1.276739647549701446e-08
8.619898707579158975e-10
4.453118004116148343e-10
6.067769006313774612e-09
2.548282183969956162e-09
7.946654727760211864e-09
4.120737126299535787e-09
9.630692193516904783e-10
2.164575034057308469e-09
1.300943311852857810e-09
3.804157154230410045e-10
3.862672260500581580e-09
4.557197510933011560e-09
4.139471056763539369e-09
9.361288382995111669e-09
2.517436486149176114e-08
5.091688783226846543e-13
3.772658195845690021e-09
4.690164032229727485e-11
8.599849545099231247e-09
8.402752387423572128e-09
8.175983848496282132e-09
2.665010155055942690e-09
7.131957577899955332e-09
4.778854018578181981e-11
4.022133380823171251e-11
1.125917973639695394e-08
4.028249902599485376e-09
1.544162413207077828e-09
8.513277210839803773e-09
1.804858215259870701e-08
1.085859941543595902e-09
2.034631654908388573e-09
4.505222267619862088e-09
4.843577779852583979e-09
7.133495189244971150e-09
1.963632729774497054e-09
5.948410912244389008e-09
3.176423588960795775e-09
5.973011024293108975e-10
2.132449530913547562e-09
8.059256301177025280e-10
4.312250688720142156e-09
1.639123692842559563e-09
2.429814196660539521e-09
1.759383979051433037e-09
4.019298348806534153e-09
2.543284103451022738e-09
5.745297896669748680e-09
9.597218108158909091e-10
1.920119416257488407e-10
3.105747743082830815e-09
7.731418647331232188e-10
3.242925663252756848e-09
6.825576719027299072e-09
2.840104319164329161e-09
4.210920088650686400e-09
8.957810450365608707e-09
9.719322968431708666e-09
1.544047403668682353e-08
7.232433214256149940e-09
1.333273720355437188e-08
6.850061404761867496e-10
4.490010125417883711e-09
8.362261360625105651e-09
1.408291887629444962e-10
4.961182977156257758e-11
1.674713252010737622e-09
8.065054267752038433e-09
2.402715747071437394e-09
1.709942594039998863e-09
3.629926807624670689e-10
5.424735109380538871e-09
3.083249202129479119e-09
3.322974695943622006e-11
2.389354940116674971e-09
9.104317461897353085e-09
1.110989969325501809e-09
3.076985888633828328e-09
7.050806692437261323e-10
2.197669983168205335e-10
2.733449416067842696e-10
1.957562336296224042e-09
4.080435131640233852e-09
3.711562012789301014e-09
1.499848493536286909e-09
6.635320447307593213e-09
3.914215920874348287e-09
4.821373146334931078e-09
1.771076014991565012e-09
5.423307906556987627e-09
4.706416578774249061e-09
2.245744070331875487e-09
1.287945398301644663e-08
2.386686374753933867e-09
8.358901919034419276e-09
5.442737459947737924e-09
1.127331118338323706e-09
4.255522482074144310e-09
1.884332363025366782e-09
4.642261979924362589e-10
9.959890812743089020e-09
1.640419860387290103e-09
1.476139035005291448e-09
1.078152193765467058e-09
1.826681619535062791e-09
5.226795279865208281e-09
3.193054027713252800e-09
2.654408609919442069e-10
6.796898913496668095e-09
1.217383238877089897e-08
1.678437660390098586e-11
2.420830694080925100e-09
2.541444864668312904e-09
2.225343630470855119e-09
4.282837150242747307e-09
3.013137663860405201e-10
1.082595574639849594e-10
1.472380181253632969e-09
4.711413877388215146e-09
9.100943812952381336e-09
3.843091574628023183e-10
4.445503267130748467e-10
9.647662778558192898e-09
1.103629984965255518e-08
1.271311580494583359e-08
1.402202581438101981e-09
1.575356621542249264e-10
2.805265610069371769e-09
5.166537525764414007e-10
5.090676412291254703e-09
1.375369831240621039e-08
1.809977325898054031e-09
3.086616065156868169e-09
2.295707196314295427e-09
3.242348551960327506e-09
8.899077282542910496e-10
1.671567692518180041e-09
1.204870122031455986e-08
3.296892749404148536e-09
5.334334456089949234e-09
1.389995934668015191e-10
8.917606791588957451e-09
5.117991687407508329e-09
4.187243582342120474e-09
1.664532272137293069e-09
1.919896720717121571e-09
3.084605113631266738e-09
3.533200044698938780e-09
4.388740816561556002e-09
1.095693305366400797e-09
7.993653969143919043e-09
5.529477535572922350e-09
1.821135943091402466e-08
2.190418405353427184e-09
8.200881233569552158e-09
1.453077524736813202e-09
4.798809263694329141e-09
1.269355235737411146e-08
2.906112929670616298e-09
6.503624022035634872e-09
4.547403979359451372e-09
1.111980111778228786e-08
5.631668907539441828e-09
1.521906393740200141e-09
1.141719489648693070e-08
3.796324654271706071e-09
4.614658771588264910e-09
1.843763757572502679e-09
8.979164741092637203e-09
5.834790857771420721e-09
5.798129845861740370e-09
6.708994312073264077e-09
9.973298157849256741e-09
3.617363807302889540e-10
8.839726499051931240e-10
2.626607016475662120e-10
1.640684834476314741e-09
2.083823288243782981e-09
3.737876458424360178e-09
1.149823402727390001e-08
1.788539632300304409e-09
6.355982435075738515e-10
7.719083569356668721e-09
3.919058042155001450e-11
1.138780339677694963e-08
1.202804429553200986e-09
3.648499169746920565e-09
1.051821129147095540e-08
6.796829470797006207e-09
8.266511866623835117e-09
4.071124002457224726e-09
1.630038689095078104e-09
8.115672921427995947e-09
2.706809012578789345e-09
8.462130875525840253e-09
2.490655430649315761e-10
9.129597961957850070e-09
3.151071253145682197e-09
7.547536844293052243e-09
3.712196925231597248e-10
4.279354360798164871e-09
8.196205363350896439e-09
6.912415536218659206e-09
1.710245549337555293e-09
1.323225021296954819e-09
2.808910868186572688e-09
3.058443502362103075e-09
6.011788245491188035e-09
2.218898642773931986e-09
2.100956567669095997e-09
1.118167165955278549e-08
1.275583817794983722e-09
2.131512243862679532e-10
1.036159252032862154e-09
6.095356857821473862e-09
1.007201748449536729e-09
1.861679625857861166e-09
9.206797262637739890e-09
3.372183952847296133e-09
3.284972027996220133e-09
4.518802844331455160e-09
2.257480659246340015e-09
1.705652413657841040e-09
3.621858132492559351e-09
1.464900855037412512e-09
5.246036341722063108e-09
3.945731744753107266e-09
1.028170824662916488e-09
2.706505965151347696e-09
1.040161230685104229e-09
4.787393975623707803e-09
1.926910007580423669e-09
1.995040655867491648e-10
9.461705961752041523e-10
2.164407525409488743e-09
2.541662773600339830e-09
1.802933358545267208e-09
7.542235486926284289e-09
4.602816224811188032e-10
2.438707117477070739e-09
3.199001110912733420e-09
4.194958920599921326e-09
1.414762500481433906e-10
8.537662501124060734e-10
5.777547527172075999e-09
4.004388824121861857e-09
1.417986567186613777e-09
1.111095923339471691e-08
9.077029287404203401e-09
6.400805118149731098e-09
1.580102793805250613e-09
2.350052215748632172e-09
7.537330145537392144e-09
7.937811418066919058e-09
2.342798803318340333e-09
2.987836360040573841e-09
6.367532904911337249e-09
3.296689421908688263e-09
2.694999721477549604e-09
8.252974230598077135e-09
2.410985832984805139e-10
1.941904992460266528e-09
2.564863169753595747e-09
1.344654052646110447e-08
5.789570374560829972e-09
1.940190141271441846e-09
1.078883246703084005e-09
4.597248697680474638e-10
2.423127490192832213e-09
6.697075006234305859e-09
3.832576073125616594e-09
4.142483060728176122e-09
9.672496711075273452e-09
9.280433197965557722e-09
1.340753468759170452e-09
4.466145344575316554e-09
6.484855855534065153e-09
4.431088716667323158e-09
1.448481472793866087e-09
2.591315213327965633e-09
1.070801287633678612e-08
1.690810930853547287e-09
1.826870966934533479e-09
4.739187540024864895e-09
3.228625265632720942e-09
1.043264105804255260e-09
3.294821321023355272e-09
1.458681296580845147e-08
8.812548924911332651e-09
5.688405712288522057e-10
3.574872089761875987e-10
2.388835529695733622e-08
5.339184206045561907e-11
1.500167087949083451e-08
7.148227604835451874e-10
3.705721094664413567e-09
3.946288402476982764e-09
3.612466531235550671e-09
5.603455531861271093e-09
2.023247700018821367e-09
1.852377597957299013e-09
5.589031585500792732e-10
1.975158073630948090e-09
2.963814452200894858e-09
5.607960824138609672e-09
8.918154348769841396e-09
3.928187359882260439e-09
5.380734529271789485e-09
1.874729103242444356e-08
3.185216202357195412e-09
9.112872565578705418e-10
9.788749564518295670e-10
1.108266844254508485e-09
1.143433118527572820e-08
9.989280384933569560e-09
6.811403766999464277e-10
4.439707095581388598e-09
1.602601956508354862e-08
2.140027119576623003e-09
1.649773505022755513e-09
3.361703888458143447e-09
2.646336384293328962e-09
6.096661578545113301e-09
8.858270862051570007e-09
7.231533250201197776e-10
5.975081879820364193e-09
4.645892253600154532e-11
1.116784088899841684e-09
1.178795792143075335e-08
7.206418011534529270e-09
2.795433243595470081e-09
7.089257785333894286e-09
1.060918570840617388e-08
1.467851265869525273e-08
3.958879050393437280e-09
4.999376614051211092e-09
1.902886899478378495e-08
7.168233698277161982e-10
2.187009811913199750e-09
1.445639138536427444e-09
4.858368527143241501e-09
3.398840861565730814e-09
1.638239432364997430e-10
9.224523332139948975e-09
1.629929966745051575e-09
8.222447631956120707e-10
2.477345218354632852e-09
2.758411434741387434e-09
4.725245819552178049e-09
6.331896159928005383e-09
7.707184293393272651e-10
1.140479435628103304e-09
3.867492253862740463e-09
2.310197439989684557e-09
4.021161792808453242e-09
3.087395220880031369e-09
1.773712892506002520e-09
9.173131599863377304e-09
7.392679346159500457e-09
6.393505320110042336e-10
1.219204467141351180e-08
5.231422993918218073e-09
4.366794181448654209e-09
5.775558161678476364e-09
6.810399344707404559e-10
4.955859949745328327e-09
2.045759045796738258e-09
1.324830728268741511e-08
1.208569661527910776e-09
1.043185835296291038e-08
2.010953390726618171e-09
4.132419719923104131e-09
2.113121064522146370e-09
6.217111705403341016e-09
4.550853775585651236e-10
1.518167514395996578e-09
1.799072161863031988e-09
7.211654239748981163e-10
1.384753867217035319e-08
1.029265962177017258e-09
1.111486853913135914e-10
1.636490836942764135e-08
1.229218255752052391e-08
4.914257406451295277e-09
3.488200937525452864e-09
5.363685206850156277e-09
1.614021453769546861e-09
4.882923564615571933e-09
2.635930936377663255e-09
1.639369728353185198e-08
1.741481725925169617e-10
1.684918607576048410e-10
2.213323563088201994e-09
3.944847111986347506e-09
2.608570804678410776e-09
3.286974937599302614e-09
8.341386221543276239e-10
2.050783771645085250e-08
1.429694880344587641e-08
3.045204896096878900e-09
1.417791938060581128e-08
9.112350094867182071e-09
1.990261227539251177e-08
2.569238145176778857e-09
9.800464353348645111e-10
9.552297829104032122e-10
1.685849922394090111e-10
2.056892283925068001e-10
3.208035230750799962e-10
2.236889010497832914e-09
1.957602720293573907e-09
2.349429205532056940e-09
5.386667405620781980e-09
4.520193727249709819e-09
3.017933582749919723e-09
2.050074573128117514e-09
5.027157110256119507e-09
1.640998893479586053e-10
4.579271573221869532e-09
7.364330894220383410e-09
2.953686932235174918e-09
1.941166802021402812e-09
1.100867002761864103e-08
3.730704172198648670e-09
3.430518927052144035e-09
1.133930858961730481e-09
6.975359722057562748e-09
1.438188130261861184e-08
8.278719479925694042e-10
1.718472358501790136e-09
2.619880117866424479e-09
3.438286935838174897e-09
5.339115845245819532e-09
5.958296824846182675e-09
1.389603576569509184e-09
2.196212519056250474e-09
2.489286320634428131e-10
3.237893910752461924e-09
2.028529683271121348e-09
7.678089238602737087e-09
1.162101154796798766e-09
5.575768010003920108e-09
5.099271549236487054e-09
8.541726239897011084e-10
2.054064669247355865e-10
6.115469607417246097e-10
1.113053220235473371e-08
1.185294702540160196e-09
2.976642198997490649e-09
5.178706854254328884e-12
7.586760812721502032e-09
3.209802185303973917e-09
4.228590248639125198e-09
4.497888209249335821e-09
1.533799829660835978e-09
2.333401150732698370e-10
1.097541896173558364e-10
2.123102291825210320e-09
7.432971924365939818e-10
5.612838179836631400e-09
5.369551084068370988e-09
6.584863687728904122e-09
8.348979910588594492e-09
7.141226236182417088e-09
1.139203283261998250e-08
1.003545731066310790e-08
1.063574233400119190e-09
6.050898199744135983e-10
2.594494172513976383e-09
2.278498659846673561e-09
2.268551192380036225e-08
5.161056590691923213e-09
6.415019958317666079e-10
2.817037252738820212e-09
3.560717169923135474e-10
1.609061193870416706e-09
1.454872070312865433e-09
3.080105582689443535e-09
2.867960947684120914e-09
3.325867040805769312e-09
2.524899787218250674e-09
1.091786274592648561e-09
2.186757057272611542e-09
1.399966378731489455e-09
1.712538474550367007e-08
2.738153417521888930e-09
7.538441803919775276e-09
2.506147869168366156e-09
4.854477371802676819e-09
4.273296063146175198e-09
1.494159060994953777e-08
1.430864124401742440e-08
8.006713476849816791e-09
7.624245607546643203e-09
1.769210179158768184e-09
1.950740132422980539e-08
4.012197765655051494e-09
1.741707683368169833e-09
1.385557978462529754e-10
5.828459163120305527e-09
1.013215484604233022e-10
7.755200781097670555e-10
1.541873852975680509e-08
6.649908097913678088e-09
2.340791249648770555e-09
8.970801017514728068e-09
7.678329670962608973e-09
5.497721100633399755e-09
9.879363549340294497e-10
1.670171470718868928e-09
5.265766371652041465e-10
7.437747725855679242e-10
1.625824299281478248e-09
3.490604044666602010e-09
2.032228522915795266e-09
7.119204229008542153e-09
1.887448897401341994e-09
8.756391907994078145e-10
4.237698582721310725e-09
6.615810486326111781e-11
4.772541993352689495e-10
5.498174493295524983e-09
1.480224629773310481e-08
5.483887909529818306e-09
3.197971313265169028e-09
7.732347118775459474e-10
9.932825877427155792e-10
2.667532899568712458e-09
8.744683644004318191e-10
4.099408500138832701e-09
2.173950748328082027e-09
4.218903420409210193e-10
1.287962383546262356e-08
4.985715583985404253e-11
7.667229571846317740e-09
4.670569976099437314e-10
5.487632275653647946e-09
1.276273575033191740e-09
5.316267873826286164e-09
6.907016569393430339e-09
9.102364493461309493e-10
1.016814521723431510e-08
1.391628443722355936e-09
1.283804976544724831e-09
4.345059797463797473e-09
3.736726641869693403e-10
7.783485958139438123e-10
7.070926353684561659e-09
3.871362821953554839e-10
3.640034241054703422e-09
6.089237414248339445e-09
2.752481592377090269e-09
2.890337108478863572e-10
4.966274730210547899e-09
6.809205895212761934e-09
1.523472817975926949e-09
2.711557033486830459e-09
4.781726506898356171e-09
1.558568154513778973e-09
4.316823208985993841e-10
8.467601448975731661e-09
4.927693492059013851e-10
3.894046299060255687e-09
4.343508128097688667e-09
3.826844182740273283e-10
1.949912166692885061e-09
1.305375581462960453e-08
9.097357688553372316e-09
3.733614827231478295e-09
4.883423377567079258e-09
1.360693117440724717e-09
4.432993995199088853e-09
5.660888159578634975e-09
3.410475209857893221e-09
4.548047821511450506e-09
1.617836196834926249e-09
4.599233957531433741e-10
2.618406326209121670e-10
3.555261617248558397e-09
1.353192432131223142e-08
2.783325281111763632e-09
5.855519715024893310e-09
4.984415479070060152e-09
2.986854041892206759e-09
1.358149569285700235e-09
3.868437768266931428e-09
2.652786858959575916e-09
2.846792487995552858e-10
6.641680783214735421e-10
7.507359845714013668e-09
6.305639936927731361e-10
2.238588892451237288e-09
2.935233251180400287e-10
4.731921066059589435e-09
1.067396571235400322e-09
4.524440353407831870e-10
5.762554542770368988e-09
2.164876568025367156e-09
4.935653735975352031e-09
3.094351746853100765e-10
1.100674817797108894e-10
1.324591269155473270e-08
1.285156356093760795e-09
3.771010701846093838e-09
2.752832998429720878e-09
2.375775627539208001e-09
2.617779723436620729e-09
5.740041287229713109e-09
4.531260654577463370e-09
1.898121015128181283e-09
3.693862534013072327e-09
1.921729696708781620e-10
1.237575564711330855e-08
9.765590665407955084e-09
2.375158294899798081e-09
5.540975387463073837e-09
1.328786622558638542e-09
7.978068821486992656e-10
8.037389897337085230e-09
7.527270007229366856e-09
1.414284461019082188e-08
1.344839378416852418e-09
1.244222298372507235e-09
6.263211023069188646e-09
5.678412667395310968e-09
1.518740217279550273e-10
2.759562504817363715e-09
1.994357996316671760e-09
1.581618421382856060e-08
2.607374827392775174e-09
3.391004182654954239e-10
2.578757658293646559e-09
2.930511721272784314e-09
8.937002216216235600e-09
4.074494321414138743e-09
7.289149511626616440e-10
4.323763059199007048e-09
5.839546113342231954e-09
6.495989606811888488e-09
5.059516071242423198e-09
2.769519516906023251e-09
7.741544310642967382e-10
6.176868162134230685e-09
1.956521065478114561e-08
1.073613906932626335e-09
1.526532780122207331e-09
1.091021645946104586e-09
9.458522568167016772e-09
2.230803504949051454e-09
3.861010868830425071e-10
1.032756058363410760e-10
1.937687879029355479e-08
9.498682128754239835e-09
1.956007333861852798e-08
2.891052352537286970e-09
6.144466797907471478e-09
7.654091390535762993e-09
1.807717294032550736e-09
6.137653273533297111e-09
1.884785691761324874e-09
4.323919309214227555e-11
3.084546810627725157e-09
4.690923788840673592e-09
1.519405503906249023e-09
1.496441308916565553e-09
1.569637070824266813e-09
1.466338044295370747e-09
1.957769294773859796e-09
4.801376576122480744e-09
4.369383139396316961e-09
1.172831245058473641e-10
2.129447743667482455e-08
4.379115185122520779e-09
1.005559155309313653e-08
2.115782898175220597e-10
4.905349072813099832e-09
1.649799205019767450e-09
2.941634638388411762e-09
5.584717918418509213e-09
1.096143232685581256e-09
5.141968549677172635e-09
1.296192102673424677e-09
6.449136948362573006e-09
1.685809206788202220e-09
1.102074718101503733e-08
3.675118570621595688e-09
2.791965994749056431e-09
2.410399644889108416e-09
3.145657824170945929e-10
1.273298321824619831e-08
4.795270141954279885e-09
4.421605179217055383e-09
1.342611427019299392e-08
5.863027963096244338e-09
6.663626833702604575e-10
4.017038933437144728e-09
5.509919939632013480e-09
3.355957690794349719e-09
1.936043356183154915e-09
1.052355456022138803e-08
3.588131422156966312e-09
2.039609897182266030e-09
4.858833186062456301e-09
2.334093520576865127e-09
4.443388367899231603e-09
5.949764574480876489e-09
5.472137638813192192e-09
4.725688123695668385e-10
1.830157964880071372e-08
3.453880954576757616e-09
1.078909391467330231e-09
3.244377778594151080e-09
2.291970940792569666e-10
1.665940893953519015e-09
3.863592136161110315e-10
1.252390682071247623e-09
5.790591609813563307e-09
4.124013524542035586e-09
4.375994276863543642e-09
2.589766879218731055e-08
4.674286156290297873e-09
5.720146365408031839e-09
6.013964570707782956e-09
1.705272260536435863e-10
5.000013501414871203e-09
1.231305504163900411e-10
1.885800958880146320e-09
7.266051255671116503e-09
1.330961506147232619e-09
5.266714737982638343e-09
1.237142480601751784e-09
1.459497580107397149e-08
6.032772303306261332e-10
1.240112956017152114e-08
3.496614739012903461e-09
5.586242198690291449e-10
3.286312786685161084e-10
2.111242744499640895e-09
1.227454143268907323e-09
8.257221935284237441e-10
7.259215839359406476e-10
4.862824183233610288e-09
7.445727981908364805e-10
1.099116260443165231e-09
2.610603203182463512e-09
7.068180441167135077e-09
4.276398158960132962e-09
3.399505169082709816e-09
9.580256483438558164e-09
4.893515640030189909e-09
1.715666884599238811e-10
3.761218965031151421e-09
2.017995927833348167e-09
5.220411146693923000e-09
2.069606284386029890e-09
8.382657348465730991e-09
1.589013531530797693e-08
1.138745095193186574e-09
5.863119128012928913e-09
3.034958869507771043e-09
2.518153482684662890e-09
4.138383892428378001e-10
8.869773395048260193e-09
7.420957877924510424e-09
3.580264799962140854e-09
3.077230789524428363e-09
1.455499262759665231e-08
7.082657874512521960e-09
6.395973395362281447e-10
1.533632529395551857e-08
7.706330418177354267e-09
1.885434913888448597e-09
4.877879426165381611e-09
8.447962920816187417e-09
1.849978397403952959e-09
1.642858912428495484e-08
1.628023348440983915e-09
4.956814478458949356e-09
6.008971302223435206e-09
1.733329995256323759e-09
4.597198889025542800e-09
5.539043994343858877e-09
1.722099551872652679e-09
2.976856458970576566e-09
1.408072122361276324e-08
1.391337388845249775e-08
2.877384703493990324e-09
1.227337869407227325e-10
6.989279237644579638e-09
5.238797966777594258e-09
1.209278916782714749e-10
8.167692796042898863e-10
7.121768138029504296e-09
3.659299325224800560e-09
4.554366661693461919e-09
5.110572764792285307e-09
1.334770718601010766e-09
1.990926576474934267e-08
5.417803657892991703e-09
3.039556897985745251e-10
1.968506198408515138e-09
1.711411953645799572e-08
3.568355385167486587e-09
5.100879790078451012e-09
1.509414987598225836e-09
1.229510989119977479e-10
3.940293743903772567e-09
3.506826810824276003e-09
2.706159728994521255e-10
9.109381149534488172e-09
1.756318792921732595e-09
5.116885287541562770e-10
6.667130717862735711e-10
1.292285214148274019e-09
3.438414893797599827e-09
7.925503056692869887e-11
1.243220484069028407e-08
1.959776894376388900e-09
3.165198253574977051e-09
4.886204106712767959e-10
2.471466148754304420e-09
1.434392971667321328e-08
6.341669434141083721e-10
3.538417074871543469e-10
7.687977967667023949e-09
3.237671227904562443e-09
8.140904703620493575e-10
2.825600925216244997e-09
6.460333438673488692e-09
7.696390956689468784e-09
2.115208206016894016e-09
3.027637705321417274e-09
4.918739066311042586e-09
2.821288728555451703e-09
1.927709784640095710e-09
4.693083260092150542e-09
2.286113074325345109e-10
5.798557255300469796e-10
2.287505515410221273e-09
9.433048067581304549e-10
6.889322037167334195e-10
2.943763615423345838e-08
2.177712922874713294e-09
4.713201272301773871e-09
4.108859497456240595e-09
2.612425398663064812e-09
1.118268643029964493e-08
6.606918244014239465e-09
1.547276250039654522e-09
5.740480963387209222e-09
2.708522514113914828e-09
2.122431729535116362e-09
1.783308652112048965e-08
3.790131479337934975e-09
3.560103702671658632e-09
6.576280271932343670e-10
3.870465127544000459e-09
8.540475318357639199e-10
1.068934922492332353e-08
2.006281527156320367e-09
3.410563747921782034e-10
5.395505069435847802e-09
5.821579182336586023e-10
2.577470484609089107e-09
5.351643159175961798e-09
3.552811857866610077e-09
4.169265294726947107e-09
4.724424838657081126e-09
2.296563695493018461e-09
3.033466854222085872e-09
7.937367284590954912e-10
9.066382311185428427e-09
2.765980841606566745e-09
2.001847255992773427e-09
3.660379254414606989e-09
5.243197656686624393e-11
1.201616659843815937e-09
2.963522036789428431e-09
5.828204485744821773e-09
1.362198887130556496e-09
4.152415427590693497e-09
4.538871951428761634e-09
2.685337124239720584e-09
1.010240063430091721e-08
6.791880949363516586e-10
2.792047357406334571e-09
1.192630657551376528e-08
6.897742916228988211e-09
1.244806005009390003e-08
2.386869341348397773e-10
3.260525322248253792e-10
4.770700089033199432e-10
1.709991380483587107e-09
8.759111688037777289e-09
3.213489870836820859e-09
1.037206318951835941e-09
2.770332489069336213e-09
7.105417713404346586e-09
5.248468609894920335e-09
2.263216132785117013e-09
2.795848557204392794e-09
1.440590576827066056e-09
6.739609656397350282e-09
5.339046459795092300e-10
6.275594311849818841e-09
1.054484892131686139e-09
3.408934334834080918e-09
2.730901666477725101e-09
1.250278009228451807e-09
3.867648687520331762e-10
4.182564080334628945e-09
1.551042208313180718e-08
4.176821710799064768e-09
1.652087083777508915e-09
3.975892984036394421e-10
1.499284626806559814e-09
1.759645837391696182e-08
5.620910856946397510e-10
2.255985281991661333e-09
6.793320348880462715e-09
1.259993072413102046e-08
2.746648754108148916e-09
2.195712398726741562e-09
1.544840607295789662e-09
1.835018801493554592e-08
7.952464005206555698e-09
7.655447312825299776e-09
3.423289417647497071e-09
8.005570045750556585e-09
7.364717063240121791e-09
1.602690115993862645e-09
3.995942407219710241e-10
2.240614550400686353e-08
9.799673129170181940e-10
7.993113253201225077e-09
4.368814345522044078e-10
2.044225840770001752e-08
4.409257818477014743e-10
2.459061684313698528e-09
1.025715603235800786e-09
3.600026274149982665e-09
6.038246301688977046e-09
3.259930722775395614e-10
2.258027501470321745e-09
5.689416293130142635e-09
6.580563133438030173e-09
1.924680206935622485e-09
2.004764894637127034e-09
4.521065183593332258e-10
5.606347060714109381e-11
1.504040410263650250e-09
9.145911664076586003e-10
1.786146732465901084e-09
4.941037165812075691e-09
1.378342546248562012e-09
3.116764099705784225e-09
5.439695363378008496e-09
5.128418001865899992e-09
1.151138621914322246e-09
8.992644975906732653e-09
8.301404486916717705e-11
2.603810854410535493e-09
5.629176566167247895e-09
2.488808366216316841e-09
7.726975510509437981e-10
1.635942429399592304e-09
3.702762891409417735e-09
2.025771477324368195e-10
1.034122317188538351e-09
3.269292866719516000e-09
1.328207729122100733e-09
2.216341727686883998e-09
3.715558236080117591e-09
1.656109891449162022e-09
2.056768345540080792e-09
5.708107372177951372e-09
5.916375264553672465e-09
5.565154217665262186e-10
1.036848902002525942e-08
3.947919227827474883e-09
3.098433970215183721e-09
1.528169961214732447e-09
1.013687192795907751e-08
3.933709103563310215e-09
1.360658708812049502e-10
5.128235646031274817e-10
9.329444472580704510e-09
1.149948850584751956e-09
6.338875610978296192e-09
6.592238388254857811e-09
5.589005682518104984e-10
6.189218943675507247e-09
6.029281539848068762e-09
1.492185891541702458e-08
2.915381935996602457e-09
9.007397263458693328e-10
9.641702699306784949e-11
1.164414300711839789e-08
8.543728466252031651e-09
3.125749732535619724e-09
3.338692191495194110e-09
8.451113933039297441e-10
1.181052361746720012e-08
1.130777103595491290e-09
2.615208469504279155e-10
1.729573881411469327e-09
1.353625296984558323e-09
2.470204276077668819e-09
8.781364512345760958e-10
7.727372971160449571e-10
1.828242155338295850e-09
5.607709372333905143e-09
3.128350493831806725e-10
5.780522236125329530e-09
7.476692655222398049e-11
1.176724654291536392e-08
2.790666214532218645e-09
4.710912727233480980e-09
1.081393538908306649e-08
5.180349438224142271e-09
5.689992844481585717e-10
1.438971661827356121e-09
7.032912802587482507e-09
8.338618985902892272e-09
3.183747257429944757e-10
2.636855496241894460e-09
2.497114170292650751e-09
1.310738617178265266e-10
5.391086142658227215e-09
8.869360099779656143e-09
2.875085452196769653e-09
4.146833266747852700e-09
7.964974680938341292e-10
4.465729150455561226e-09
1.460171955185291411e-09
3.586898515479522591e-09
1.340891267071735943e-09
1.415390130441150899e-09
9.113336435030592579e-11
4.631011044119720822e-10
6.516035979469685049e-09
4.039157965492731091e-09
3.965969817211083358e-09
1.567640489436119504e-08
1.238166064756326884e-09
1.539368231982517427e-09
7.800352941971711259e-10
2.568798664201402416e-09
2.438716674972496044e-09
1.369591144746912155e-09
5.734005205844275514e-10
6.283781657902685976e-09
4.052775365071813411e-09
2.780050763953463214e-09
2.966118701675511498e-09
2.579131567530543508e-10
5.849756481018785324e-09
1.171120886764192713e-08
5.896624434684708798e-09
8.443292903116661661e-09
2.227565773734509914e-09
3.257120052773199966e-09
9.698799609949777076e-10
1.860611233173227731e-09
1.643479579542666300e-09
2.912036507867952901e-09
3.382720520266983729e-10
1.346877853344091228e-08
6.306485262446102094e-10
4.308380624010626390e-09
2.439435745517149982e-09
4.735102787142618452e-10
1.982859091604756646e-09
3.360020714441280157e-09
4.835311745833237376e-09
3.285530435827376758e-10
2.016443675520674514e-08
7.725652096879122761e-09
1.275246280026483520e-09
4.943445712019285438e-10
1.752801221954159647e-08
2.340284608789167818e-09
7.990819553627593731e-09
1.421345638482407375e-09
2.611759750831463349e-09
1.302671803133594010e-09
2.586797276777272055e-10
3.440014762304692175e-10
6.279518556577823153e-09
1.838857396238771079e-09
2.670110452709818183e-09
1.577165702168102629e-08
2.655846794135491598e-09
1.808548153646252625e-09
4.952189348109080254e-09
1.989711158382511535e-09
5.156700300158917816e-09
1.297591879699282503e-08
4.471936987912857257e-09
2.375711066033917808e-09
4.454493234681980516e-09
2.755157110198370914e-10
1.213644209439805224e-08
2.499722910703866579e-08
5.113180597945913362e-09
6.161716545528336917e-10
2.440287760646387475e-09
3.557113802152877653e-09
1.459254814778432338e-08
7.857685881986918679e-09
9.721295645921841363e-09
2.307032026742466578e-09
7.770836024780108917e-09
7.026691477534492475e-09
1.833578355225093301e-08
6.074814269703010966e-10
1.517989187374166594e-09
3.213934988417924417e-09
3.217850259284298031e-09
3.588281161544502683e-09
8.074808159444813152e-09
1.913899447533448752e-09
2.363749789036309694e-09
1.192773183446402680e-08
1.606927203654453433e-09
2.211883783775204900e-08
4.511266434269870954e-10
3.043552722338651369e-09
2.097293824986348089e-09
3.505354199228240274e-09
5.463184881898043229e-09
3.572129607276223561e-09
5.096171540599318023e-09
4.765299500801449837e-09
2.028326391524248622e-09
4.467480150807580888e-10
4.381898624458035721e-09
2.052057680086262478e-10
2.268102806689831185e-09
1.143915810928928609e-08
1.085402135090112532e-09
5.656667534919104992e-09
4.302825825112113611e-09
7.646507970871996999e-09
1.834797027308008232e-09
5.386481685253209244e-10
2.272862058666039764e-09
3.475141666407324903e-09
4.555205067527379398e-10
1.000478837251542990e-08
4.940028872264750705e-09
1.706347649018158204e-09
4.577530393762646798e-09
1.013386159902592668e-09
5.866295097748639353e-09
2.552609150425793367e-09
4.810693615905178507e-09
1.836739032836388702e-09
4.559091697980775140e-09
4.895172617066720199e-09
1.923004465318130887e-10
7.334437550427256365e-09
8.485458308953929093e-09
9.476741656550837630e-09
1.708533373692809097e-09
4.879624777345557089e-09
2.640105364289072826e-09
1.357262942624001149e-08
4.131317633340356885e-09
3.075316020913913124e-09
3.249527051519883926e-09
4.884029603512760211e-09
1.507182083404447639e-09
6.683566490099453360e-09
1.297049362379902667e-09
1.369723388295414215e-08
2.587110419992123154e-10
5.671731813363615619e-09
2.652044254677273733e-09
4.938369437285802619e-09
4.357427530675944570e-09
4.820307251639904410e-09
6.028297210786103740e-11
3.270756669869478176e-09
2.018974816839040208e-09
7.760385157058407465e-09
2.060077393936040861e-09
2.036868203481790620e-09
5.058387382010413112e-09
3.546005832160074713e-09
8.893753119582960830e-09
1.033149210575500624e-08
1.586373552824699604e-08
6.454158153610533775e-10
3.510981870468179847e-10
2.649187123555382768e-09
8.167496764282174872e-09
4.128561169655615863e-10
1.871034919538368902e-10
2.537612392364608675e-09
7.203209780768165658e-09
1.463340609508368783e-09
1.744562362578844736e-09
6.170326193037360801e-09
2.126215914146884613e-09
5.841579992890297027e-09
9.383480711264464271e-09
7.017559451090155124e-09
5.784304961364761302e-10
9.197289995884486309e-09
1.697186922639090896e-08
1.201285929815051886e-09
8.350847155654226047e-09
6.311653455019625688e-09
1.523555215802268977e-09
1.372244043202574306e-09
2.220053010735865631e-09
1.448833585756940566e-09
1.700379140562138472e-09
8.898213728017851857e-11
2.679611193462626166e-09
4.698104942344103941e-09
3.487079549170415372e-09
8.970091413583536938e-10
3.724218674806554073e-09
1.171489819853554992e-09
4.365557999217267681e-09
3.895003863131458184e-09
1.126423915892306042e-08
6.749428783570130002e-09
1.513889711149648311e-08
2.270583742418569760e-09
5.159579067242925826e-09
9.063561084256213516e-09
5.881659710833025352e-09
5.460966296539836570e-09
1.893197730905675232e-08
2.357182452029694301e-09
1.389232419286957072e-09
7.127106762244844779e-10
3.167114747280739793e-09
3.120474301698814950e-10
1.375288099571502832e-08
4.567697017584652274e-09
4.883476805381268544e-09
3.094524041489379340e-11
2.646223217508136872e-09
2.818991966985724369e-09
5.765182879658575978e-09
1.771733996071996040e-10
4.250915023428093074e-09
1.174240738068580066e-09
1.389884041814219966e-08
3.889079912491537682e-10
4.201897524416595794e-10
6.314467450774015674e-09
6.704199323589845096e-09
1.828062129186422961e-09
1.053830666590413623e-08
4.474628762722353286e-09
2.080646827819629235e-09
4.129194974178541637e-09
2.068431575820831326e-09
2.860268148458702286e-09
1.189882180530005950e-08
3.427123786446126216e-09
5.311781191300396332e-09
7.356586054903743920e-09
6.982576446311581175e-09
1.200431660840472486e-10
7.945615381111249950e-09
6.732779774782076547e-11
2.032623688684695202e-09
4.473790866977090851e-09
1.557188028976768844e-08
1.131336609824422786e-09
1.205805620163410901e-09
1.454063731618443090e-09
1.893492092619784571e-08
4.827405935005707306e-09
2.788393309478515341e-09
4.234505355428856523e-09
1.081722557710414453e-08
4.552651828208185009e-09
1.156928081872054052e-09
2.649614814767053282e-10
2.853940343299889025e-09
3.086266244698764867e-09
4.114951903534072431e-09
2.576719244185368149e-09
2.360252303615033533e-09
6.649080446232561746e-09
2.398558504693959196e-08
1.795532499497710779e-09
8.541948243696642731e-09
6.940018031591078497e-10
3.885861000399328439e-09
1.459422692074403479e-08
9.526944797356399485e-10
3.124216442282119401e-09
3.743421621306158681e-10
3.734284423688480134e-09
1.429360931377290628e-08
9.825703799833840990e-10
1.384695622916907586e-09
5.381886465225445370e-09
7.337013476435267086e-10
1.425731721120047018e-09
6.098153047894173335e-10
4.806232831879978925e-10
1.175208294924665759e-08
1.520009183725638016e-08
3.818088508548668370e-09
9.029919348480806940e-11
1.817590053042544665e-10
1.682079833607545907e-09
5.241337124259693753e-10
1.866851237626463716e-09
7.442142617654714863e-09
1.763141181715089163e-09
4.949541682403417410e-09
1.953512603870986695e-09
3.637010814756830456e-09
3.821230945000285396e-09
1.987927280110511393e-09
2.392333653176046479e-09
2.538042265505016216e-09
1.344096019164033896e-09
6.465344700957058079e-09
5.842661814935910961e-09
1.223407403567973898e-09
1.524380785512308672e-09
2.819485211946055419e-09
5.548131405961302058e-09
9.026466878616402610e-09
2.832261004829029345e-09
2.638626508819230675e-09
9.224859903795748092e-09
7.686274874766752928e-09
1.967256935058063160e-12
4.602873354159708578e-09
3.141857174606387836e-09
2.292383097285019577e-09
2.677473889243915580e-09
4.480617353682768731e-09
7.035308842643043868e-09
1.938058819695887153e-08
6.858762080110785295e-10
2.629232281480438489e-09
7.769729232071647677e-10
3.224332594316457905e-09
7.038874615244677022e-10
4.442033813792056519e-09
1.219174774734306187e-09
9.163460956336809616e-10
8.661660209681624546e-10
8.515415851102808222e-10
4.025982448196063989e-09
1.547739772560625352e-09
1.406049591420895859e-08
2.368050047973623726e-09
2.942032173299055575e-09
1.251966041867699862e-08
2.844081701881473681e-09
1.159401187216057965e-09
5.290507599521501063e-10
2.235270354638894206e-09
5.860113565782200600e-09
3.093182526569630470e-10
5.209046772992906549e-10
8.637689139070497636e-09
1.198238967174098482e-09
3.595430670301111680e-09
6.736741799389581858e-09
5.897575383430439248e-11
1.205536914463578299e-09
4.044424461971652812e-09
8.102634547313788213e-10
8.622939648022625051e-09
8.052477293986975827e-09
9.852151476300805409e-10
3.187040149822700489e-10
6.697351753093808496e-09
2.746079361228460130e-09
1.173346302614324370e-08
2.022804477549922676e-11
2.507648633985797924e-09
1.156113511069033680e-08
2.778222946194223848e-10
8.179443263115192668e-10
4.101217100377719552e-10
3.796421307930343598e-10
1.600561961871337883e-09
1.013190689048553353e-09
8.038848724418951750e-10
3.048115934771839395e-09
5.300044162081802830e-09
1.160354010463023737e-10
5.869035959605290117e-09
2.992975602245284146e-09
9.520515325172780947e-09
2.407603397495767241e-10
1.002264213524360318e-08
3.974312263780445187e-09
4.183167439853663386e-09
5.580210686906470322e-10
2.265032780450630173e-09
4.063178082319665954e-10
1.386421132380015679e-09
7.031748545045089483e-09
9.919997518002464064e-09
2.415295056196870499e-09
1.436394984528360244e-09
6.877557292091436950e-09
3.527973249843365462e-09
1.185544434446856083e-10
1.374170962664482506e-09
5.112741497526662480e-09
3.892992087476136107e-09
6.257866524772243004e-09
1.389294497111173303e-09
8.251700886292840350e-09
3.026735045021237020e-09
1.581388544063977191e-09
3.069829372334270004e-09
5.759944518437421225e-09
2.140792189352792426e-09
5.528076680673989139e-09
2.652127344643128313e-09
1.052691978061641347e-08
2.592257878882429741e-09
1.310745726907690798e-08
3.038604702975328629e-09
4.471805229713615713e-11
4.413113306142516765e-09
1.007268944191462210e-10
2.538962505647669889e-10
5.926931611396444925e-09
1.083289851543564273e-08
2.917865225873003631e-09
1.851001987653909703e-09
3.281649192457830339e-09
7.765787075698091860e-09
3.424389278775591229e-09
9.058965088156739718e-09
3.736026767163377914e-09
8.517302360855965166e-10
3.496993960030121574e-09
9.825815222105873313e-10
5.680364612748498331e-09
1.018571011992007749e-09
3.161007002027259933e-09
3.736348805451164756e-09
5.389792982646293360e-09
9.205921886959704207e-09
1.545752748537052308e-09
5.210277894639402352e-09
5.461578364874269379e-11
1.541475624040885152e-10
3.145419718781293374e-09
1.331591965316301785e-09
4.740761699531782892e-09
4.429286134532591630e-09
2.244410860952721206e-08
1.377640619039647033e-08
4.924358972847890965e-12
1.457181368923832470e-09
1.001496223306728759e-09
5.131107595680029540e-09
6.991851197744983821e-10
3.798364014397057609e-09
1.013564356079073183e-08
6.292047298463248523e-09
6.647182753208445249e-09
1.240556503195404399e-08
2.171028479099725521e-09
7.886417326143553749e-09
5.560430330056556014e-09
3.229773152232828351e-09
1.390043910921665458e-09
3.269660070928974865e-10
2.674456505290788239e-09
2.109284946273192246e-09
6.344471738312693421e-09
3.333771322204945714e-09
5.289157864582391938e-10
6.174143886426338322e-09
1.233959949220305894e-09
1.295142609366846988e-10
1.080479439147276260e-08
9.889623766197370962e-10
1.011132376874065911e-09
7.135013067623517111e-09
1.713999448875927211e-09
1.665056372331778759e-08
1.501650304903171162e-09
3.051680080176617016e-09
3.467385201609167051e-09
9.262162208759564002e-09
3.442104592096494132e-09
1.271638260884081611e-08
5.733593146261697449e-09
3.207580172470809101e-09
2.357240246268308769e-09
6.143242398123996055e-09
8.833619210579156234e-09
3.317589828264137067e-10
3.013058110629669727e-09
5.288654346883664120e-10
8.636850867259855817e-09
1.736105668839702857e-09
4.290476907443073825e-10
7.300484834396599177e-09
1.871143619660648542e-09
3.219756102365285379e-09
5.753268766335115733e-10
5.097972503028618307e-10
4.579163337788179555e-09
8.722061646788634306e-09
1.019469792034116423e-09
7.416452560100913755e-09
3.250251519193308205e-10
6.178268398098441136e-09
1.527630624600071222e-09
1.382003703113087127e-09
6.145907491475252338e-09
6.549413867776960068e-10
4.505029268747448745e-09
2.345620078516807214e-09
1.361067659163773975e-08
2.531779288298310457e-09
5.244917494743091171e-09
1.196167124061489821e-08
2.166319436705233336e-09
1.412649458342651402e-08
2.201696916061120489e-09
3.558352310971822731e-10
1.164741035598546248e-09
6.225806768552425981e-10
1.646734004488603314e-08
2.302984936472169323e-08
9.225779296977057022e-09
1.107570884544583642e-08
6.827488642887439732e-11
3.678331439261569930e-09
1.597793239205068926e-08
8.528740194850353719e-09
2.213943110775046135e-08
5.593863725992507035e-09
8.325755188520610097e-09
4.714161902411894439e-09
8.268001456245989142e-09
5.212086330040719132e-09
1.812251279157895330e-09
5.404921683033270503e-10
1.049969268485879244e-08
2.093878986370587960e-09
2.095688657104950631e-09
1.768331408399437266e-09
2.190095269233564075e-08
4.669899206377851961e-09
2.674051726520007258e-08
5.693880488399464760e-09
6.092540316428240229e-10
2.142768094163743073e-09
1.158363207033817331e-09
5.167802674006691644e-09
2.728520027045012584e-08
6.075168451505738524e-10
1.917919284444222413e-10
6.356616698273793485e-10
8.383039924081718276e-10
4.870548607380496130e-09
1.598759347488917400e-08
4.906165134929966098e-09
4.939069558778863133e-09
8.400881055297396548e-09
1.971658066843735393e-10
5.208207072229249813e-09
1.961393112482407053e-09
2.117785781241309210e-09
7.696977021682175989e-09
1.782006075786770070e-09
2.032869245304830613e-09
1.034259141841963388e-08
3.146978716980309251e-09
1.298039747949976161e-08
1.486361951151994613e-09
3.647377991652190923e-09
8.356151368144029672e-09
1.341515582081442116e-09
7.100094424217649060e-09
3.369965678261667829e-09
5.988865309372314479e-10
1.653633880676050085e-09
3.083371884156068147e-10
4.710352076072919236e-09
2.657969392844298965e-08
3.825159731487152754e-09
2.371490240537498944e-09
2.690722807538072161e-09
1.385892581776297712e-08
1.272423004662111074e-09
2.339779218703669633e-09
6.501234292851330634e-09
7.571265150007829843e-09
4.280244857434500401e-09
8.927787522124747774e-09
8.159669961824780064e-11
2.337500326764821211e-09
1.103336617606041488e-08
4.619856471164010626e-10
2.744303769346911301e-09
3.226528105013948911e-09
5.227449591311336673e-09
1.830445352474716345e-09
3.016084094307718828e-09
4.623741395206271661e-09
1.774846932303329395e-09
2.888583636913895892e-09
2.185457174705597681e-09
4.384894005770326935e-09
3.643272643110987559e-09
3.735085642693804850e-09
1.266210473394490884e-09
9.242379884752030165e-09
4.042424165371071599e-09
3.764152079794076524e-09
2.191007795031125634e-09
4.109391111304024795e-09
1.897013045414496137e-09
5.639963186566680549e-09
5.612990757142813469e-10
1.124543329778774550e-09
1.468969000749968262e-08
3.249433538745087672e-09
1.662665452174943834e-09
1.978788599852154201e-09
8.235749953917238906e-10
2.932745063807201285e-10
1.315980855500545210e-10
1.544245307733996316e-09
1.954895756843875657e-08
7.665676298243159371e-09
1.129133127306247926e-08
1.035824730808395201e-08
1.111696423153067730e-11
3.573735356316150021e-09
1.670469984252674822e-08
1.782436068167910963e-08
1.330260832830658059e-09
1.577471460099583057e-09
1.042291626067785850e-08
2.674946704027150251e-09
2.973015349442978233e-10
6.446541636264041470e-09
8.937732863476456719e-09
1.067875215223053721e-09
4.181555641360181676e-09
5.762056217158221800e-09
1.897658405604286114e-09
4.347512891887594585e-09
1.818032113860627351e-09
3.147561328251704833e-10
3.516023067476092711e-09
3.594125062884977874e-09
1.043252890972104333e-08
9.048578586539994818e-09
5.191489151703592085e-09
7.672263151009735967e-11
9.988530663233043368e-10
2.102033547304212928e-09
1.228395553142126926e-10
6.247507275223707096e-10
9.820265792135727511e-09
4.599145086405466414e-09
1.050675763240834360e-09
3.483794647503517580e-10
1.524499697638958904e-09
5.245001502299445724e-10
3.526182617095319302e-09
5.640746000750040182e-09
1.468797370945178551e-10
4.516059605837927771e-09
7.329940387370833205e-09
1.059828670839657928e-09
7.185285906677055925e-10
4.084249665677617870e-10
4.067852613164800069e-09
5.364444342794368346e-10
6.363861741910302364e-09
8.320517843247537784e-10
1.305509354407011480e-09
4.592883824077120323e-10
1.978072906452898068e-09
6.759723219441133382e-09
5.009252375497859101e-10
1.276063666906368423e-08
8.612526726571276749e-09
6.663683499340562690e-10
2.017043679308607444e-09
6.718118604136046710e-10
1.065583768606361386e-08
5.756091554292220140e-09
2.632255923814930297e-09
3.350040337100276599e-09
5.043276874335461518e-09
1.011025702416869778e-10
3.081772036780487932e-09
1.020120153419140345e-09
2.921350642827078760e-10
1.094245067107927536e-08
1.898745716131200685e-10
2.018864889028734568e-10
4.601754362573531498e-09
6.350926523458724536e-09
2.269530300300302350e-09
9.113100907552722480e-09
1.175723886519521880e-09
7.991300662658200262e-09
3.616611374109337006e-09
3.752762108391405712e-09
1.061315472595217149e-08
1.531802314358216224e-08
8.322003123257838278e-09
4.387795490345867846e-09
2.607278936387095889e-09
2.250500755709907274e-09
9.429672211642409178e-10
5.676025835648020786e-09
4.321174862948356168e-10
8.288536982738620255e-09
1.464376591465121504e-09
3.002605565717802756e-09
1.300245962380882774e-08
1.217229249066481093e-09
7.746176743590234221e-11
1.223504934653732813e-09
2.922587470345540263e-09
1.016329994037445514e-08
1.144592079627948957e-10
5.729562104718875800e-11
5.933744639461741390e-09
1.403012380210146528e-10
4.964161792466724201e-10
5.537387962122419363e-09
3.914456696775681743e-09
7.343934535735437525e-09
2.713107150996334367e-09
1.075987976830827697e-09
4.816645764231468522e-09
1.567484761533687730e-09
2.385195262769516881e-09
8.911229929475565368e-09
9.255253395084152177e-09
7.827812231326812475e-09
3.961595888776721203e-09
2.333621714006775226e-09
4.368072918324192849e-09
3.319846627800597008e-09
3.221018673640279785e-09
1.047078757386782429e-08
4.737287645077790174e-09
1.071224385933211250e-09
6.291267850848157155e-10
4.225724383279869805e-09
2.079670676298137883e-09
1.074601540382507781e-09
3.624227188144534106e-10
5.774872950687256026e-09
1.313242288005247100e-09
2.736100973641858762e-09
3.847801482751774160e-09
6.543736221323711184e-09
6.876820824601708082e-09
3.162197097346077864e-09
8.463350650540652838e-10
4.053678515393704996e-09
3.227881047954387874e-09
4.718745596768274736e-09
1.305723479945899811e-09
2.308443950293431114e-09
1.660930330372999099e-09
4.186626075069522914e-09
9.717317910122066731e-10
7.525241891931721194e-10
2.949731885294522960e-09
1.141420516243755441e-08
2.448496201708614348e-09
1.666277687378920658e-09
3.457336905585817314e-09
1.103049571771721878e-08
6.125474841843015889e-09
2.888616423244888586e-09
7.022929095323216963e-10
8.058797025181392238e-09
1.369042221559624172e-08
1.455193362073059881e-09
1.058308747384441930e-09
1.192992251837034475e-08
4.016385444771444929e-09
5.905957269574775586e-09
5.634128342707794668e-09
1.333221432272337350e-09
2.529227454563476005e-09
7.844390412531636314e-10
6.126236632527752503e-09
1.894350547571817048e-09
2.349169536180756651e-09
1.430545177390961528e-09
4.369965706231791203e-09
4.213066327044655103e-09
4.284978807296173738e-09
2.186098227588308502e-09
1.306933807635876583e-08
3.896486788231580519e-10
4.445538163652435752e-10
5.893793439691583427e-09
7.002701252726505387e-09
2.094552924882769763e-10
1.399912555579174624e-08
5.632978014624274785e-09
3.754116170864558275e-10
6.317639488886697319e-10
5.089098266696863997e-09
9.193049792009026605e-10
1.327938658951242200e-08
4.001883567526239264e-09
1.322003447879901399e-09
3.319586753737445000e-10
1.280992824567652556e-09
1.676181061678807786e-09
1.199170869964739166e-08
1.695622750543687072e-08
7.452768519947692742e-10
6.263574973975944866e-10
2.062715240397143453e-09
2.405420241086754838e-09
7.939693442678913678e-10
4.302588009488518404e-09
1.305415785226989493e-09
1.953089184915622111e-09
3.455166641502538113e-09
1.517158152176964579e-08
2.537307474552232060e-09
2.121421876180103093e-09
2.730021369660626149e-09
5.798877493558841315e-10
2.613522491182933225e-09
2.293779157603834673e-09
8.502735677052294462e-09
4.124864328903201332e-09
1.565956065488759502e-09
2.712526912690767276e-09
1.317798479115149255e-08
4.915046949436629370e-09
3.960815955063751483e-09
5.622185963485766600e-09
7.909416854404694988e-09
3.250496033592278506e-09
4.851157470721564668e-09
3.291138875992045488e-09
2.350634963346461850e-08
9.681010131509031600e-10
1.314703793070466876e-09
2.422835819737243464e-09
5.454271459117883133e-10
6.052589793546125538e-09
9.069197245235869002e-09
6.063474172519877230e-09
8.231011489318609880e-09
2.817559291500283201e-10
1.883373901673276657e-09
1.281838621102443413e-09
1.771182989994060699e-10
5.999588172800647310e-09
6.101734649347736255e-09
3.427535707996779541e-09
4.531235955055295402e-09
3.622523487955163673e-09
6.480274163288153489e-10
1.464684977124119376e-08
4.581857956913546922e-09
3.823651052614616637e-10
1.255101492837432241e-08
3.257764593331353805e-09
4.554112812422635008e-09
3.409603986086112713e-09
6.939960884690453095e-09
1.004857020539764615e-08
1.595858160714681755e-09
2.246561521807586397e-09
1.206343944988713668e-08
3.165362040029874461e-10
4.609614526959399341e-09
3.685998738641920458e-09
8.473706392567710834e-10
5.275303120056839316e-09
1.279583419487142493e-08
8.093669897729731464e-10
6.598687309923413311e-10
3.235075619583970224e-09
3.238834121277744054e-09
5.860820253556777485e-09
5.892858016362150787e-09
1.021304786617356116e-08
5.171262538891802073e-09
2.194788521375964130e-09
9.954035934087868636e-10
6.208788912690396593e-10
4.726979643666180483e-09
4.224601436109548179e-10
1.141718157654291906e-09
2.772385401248636538e-09
5.839021092204170457e-09
3.316056393241351143e-09
1.853486693736934263e-11
5.229010904217733763e-09
1.120046563563221330e-08
4.679561460731473551e-09
6.514359596628267179e-09
3.504608829441686916e-09
4.730830649315102610e-10
2.818865864094261106e-09
1.519899416259922914e-09
1.675907559793169427e-09
6.651034213451427106e-09
9.171716775846246764e-09
2.146216847234621875e-10
8.243337649487252934e-09
3.685534530751033991e-09
3.015841848283606299e-10
2.582346288015567837e-08
7.287198531316272128e-10
2.268637407195434597e-09
3.295964206829112101e-09
1.476498365828309171e-09
8.269275383405562038e-09
5.853832598439884673e-09
6.977608660473248729e-09
7.378832828717081993e-09
1.757727792968798210e-08
1.373582766110440485e-09
1.650660017711462737e-08
1.571059203352027324e-08
1.051516252852750871e-09
1.213336319813209399e-09
4.040564302368529609e-09
6.147814745592791990e-09
2.429801752150003055e-09
2.961483665935710104e-09
2.535592362487448007e-09
1.065883334876944344e-08
2.912464624378080448e-09
2.310848920386974741e-08
7.309533747730202382e-09
5.594817017383738649e-10
2.352654039724866435e-09
3.692945043363408169e-09
1.837566907015717412e-09
1.467352200482273524e-10
4.391219624572362455e-10
2.741866002612620321e-09
5.403338185902506323e-09
1.542262260858742251e-08
2.794928046552159195e-09
6.542745946900145127e-09
6.310160371515324828e-09
1.099342068768915499e-08
2.719155375852223630e-09
2.674608739294779209e-09
3.860434126736613736e-09
4.772236782004517099e-10
6.703125350516250202e-10
3.802047716101765877e-11
3.899138530096889016e-09
4.524111958000348408e-09
6.166400920969194795e-09
4.423318704370287980e-09
2.701401109202828239e-09
3.939032931594202671e-09
2.961845018539374202e-09
3.360182790610784469e-09
3.678331484247680424e-10
5.960688054305869466e-10
5.417199154975281700e-09
2.900234267874824341e-09
2.476663018201230636e-09
3.795714094369433249e-09
3.695515292403815379e-09
4.248067593545351951e-09
8.176382503924652113e-09
6.690148895311453602e-10
7.222691464452348135e-10
7.890459962796721115e-10
1.062830370124216610e-09
1.713487985995763395e-09
1.573687650324616326e-09
1.169971460180432425e-09
4.898401725270072497e-09
1.726476705567764491e-09
3.068716002455563501e-09
5.984333621280305343e-09
9.731609078926532665e-10
1.460860047195108830e-08
1.065456316647009434e-09
5.223901996438146572e-09
1.382245914002935059e-09
5.176260090669466902e-09
1.321775479094557024e-09
4.829309932011421639e-09
1.064888169169221675e-08
1.777188566320005939e-10
4.422422954008938930e-09
5.362365976132382260e-10
5.080185775759230111e-09
1.576471430910539115e-09
2.778012319574317348e-10
7.347837723827202473e-09
6.525814950828466624e-09
1.627945584820174065e-09
1.139254289889839367e-08
2.664851993094728684e-09
6.998111397016918676e-09
3.622795862452793697e-09
1.479314920264429303e-08
6.227422081498359252e-09
3.114934348335612371e-09
4.454513518273044702e-09
6.441198405675862681e-10
4.092442118343557917e-09
1.028860204376188860e-08
1.553845214551595740e-08
1.510756299413167594e-09
3.425270225656456087e-09
2.851243743564929116e-09
2.811351360153194754e-09
1.319210191261468897e-08
2.200060185056275421e-09
4.501127031485034408e-09
9.029200692570194690e-09
5.048978620031703068e-09
1.269567823878874057e-09
1.538156775329554336e-09
9.059500919974110030e-09
3.442858179843063157e-09
6.210023134350370431e-10
6.568155614188923974e-09
4.174318776167147850e-09
6.885071220486678065e-10
1.769118945200461578e-09
3.025617465273957793e-10
9.675466055406310901e-10
6.485457964506002765e-09
6.409625234952300520e-09
2.899761019857443608e-09
2.941158694002780297e-09
1.840172998331807891e-09
2.998878078940922629e-09
1.851179787629373887e-08
4.536045770548906551e-09
4.382818233458972098e-09
1.006516199823468266e-09
3.353530704467654926e-09
4.140533190390053827e-10
7.270005103622463673e-09
1.899667260310204426e-09
4.308354927339641314e-09
5.485191801871234036e-10
1.096833985670540992e-08
1.451846849774996466e-09
2.244894395166890228e-09
2.040807456983659389e-09
1.801742974573040534e-09
4.996735536892762451e-09
1.649648738750107923e-09
4.496243793198291981e-10
8.485721199288505048e-09
1.214324359714904535e-09
8.252658298503977473e-09
1.817690646947748163e-09
2.266845396444680602e-09
6.396055488200378731e-10
1.216477181752740475e-09
5.919179748618970835e-09
1.605825002145188450e-08
2.628909758194565754e-09
2.262211147662577574e-09
8.269066813735035540e-09
6.080867597493512848e-09
1.508224766159209854e-08
2.253076910851610075e-09
7.094009340614222496e-09
5.971416486467264964e-10
1.415190867348948277e-09
4.958296682171300539e-09
8.724495104752928206e-10
8.889847380937054990e-11
1.511408414745386370e-08
1.902131416151362024e-10
5.948119035146825255e-09
2.183767848603920891e-09
3.353200206984243691e-09
1.853275596197942150e-09
1.559931256438084179e-08
1.455139370816930281e-09
6.043033343628824759e-09
3.387217167433356395e-09
4.839232267837798297e-09
3.752765912363852479e-09
5.433963466642214851e-10
4.927088047204589432e-09
8.336087642408478772e-09
1.615038909600037641e-09
1.138325245955689067e-09
7.572572307062676881e-09
5.517768947840120722e-09
1.813969576504905158e-09
2.583871556463208151e-09
2.022698330873591917e-09
6.698284471438927009e-09
3.807049539900797075e-09
1.044060132120227621e-08
6.677760115881225183e-10
6.900779384409595368e-11
1.736561753882890214e-09
4.867213833173792013e-10
3.001140798708305863e-09
5.127706703868883836e-09
1.371434395402795107e-09
9.559265266580488739e-09
1.970469480590386803e-09
1.078430417913599380e-08
1.311200420218268800e-08
1.336012587094913750e-09
3.754182350761682260e-09
5.735782690696800825e-09
1.050607865783172222e-08
1.080921388523465406e-10
4.469425703793273290e-10
4.437352275927977726e-10
4.173255719740953172e-09
6.794530669221414174e-09
8.183057096904615262e-09
4.432404859588040331e-09
1.324169285371212404e-09
4.357057824298411436e-09
1.763474134202008426e-08
4.460005280055612441e-09
1.137709829251471247e-10
3.794347523989096131e-10
2.747169584860380027e-09
3.229951754175916826e-09
6.443442226973682015e-09
5.563126955572751210e-09
6.312716198162021762e-09
3.448441400444863696e-09
7.397103872003431959e-09
7.505091636217310139e-09
1.076790030733510897e-08
3.438478969614419335e-09
1.012898871948916497e-08
4.319609718028231511e-09
4.788796328839974973e-09
1.343080784261465191e-09
3.768190602982724550e-09
8.404642517965443093e-09
8.720412094275780218e-10
7.414630477061912919e-09
3.989608271662749131e-10
2.390781248092888233e-09
3.943298501002873111e-09
5.851323776039866923e-09
1.640885244120010689e-08
1.072033295447867724e-08
5.736076418995712660e-09
1.485671949886946765e-08
6.836575084343086768e-10
2.117505808483794284e-09
4.749161019779136946e-10
8.842353869299822886e-09
7.823154879207683439e-09
1.534934368728723591e-08
1.683697701594313845e-08
5.698631985046100274e-09
5.798518242689395749e-09
1.650927939133214942e-10
2.059576532038361384e-08
8.542741225177171943e-09
5.312761855203175676e-09
2.941746534480854905e-10
3.592775689469886525e-09
7.325044481887647736e-10
4.199414678450931671e-09
1.123254392094910316e-09
5.895093875120119605e-09
1.712558776880845666e-08
1.341343695879241066e-08
1.111080171375584206e-10
3.697194254212850133e-09
7.639907280807683778e-09
4.210552887758086961e-09
2.051129622480826835e-09
1.278648599507814025e-08
3.801087610111778628e-09
9.281721196833232545e-10
2.465363275469591327e-09
6.205034054542296147e-09
3.258730377240166493e-09
3.568064635865299009e-09
7.590243369796706262e-09
3.262681809971271341e-09
1.843455559381718922e-09
4.258348929182962972e-09
2.346613080093165451e-09
1.839689276389622131e-09
2.924479448097041685e-09
1.380627662451069348e-08
1.534323799595413868e-09
2.979945654191354037e-09
9.948288090214573704e-10
8.236830779598497016e-09
4.132256961047347202e-09
6.013282290592769008e-09
1.001517851704702908e-08
3.049823722966652400e-09
8.334355610366030151e-09
1.265272931478731692e-09
3.574508651919549000e-09
5.831459136506618926e-09
9.207759699626900561e-10
1.942803617840751249e-09
4.388088086311512585e-09
2.495545740277337299e-09
2.622368350696960985e-10
2.902666754321504261e-10
4.062906039758540730e-09
1.024868037982477239e-08
6.869001626429322873e-09
1.958888472463114790e-09
5.371448296345604119e-09
4.611351000044150054e-09
1.289724036093282726e-08
6.591606075240659864e-10
1.765275076829425120e-09
9.719479992636534578e-10
3.753873913200795470e-09
4.029141311364543970e-10
9.821073479091222646e-09
3.198870966779611874e-09
3.022871056921663162e-09
1.058321009647945596e-09
9.234410888945416473e-09
3.687223012673767010e-09
2.105238519740406161e-08
5.038426420567611872e-10
1.627149385077145719e-09
9.129045365588229596e-10
6.479193422583439294e-10
9.970774662453969393e-10
6.389192450425096693e-09
1.739788247946250443e-09
1.739938796293847790e-09
1.203431288130262541e-08
5.938666511364351383e-09
2.097065977302624363e-09
2.681332167641034576e-09
4.736486475543092216e-09
7.199781835375530211e-09
1.982500533982856257e-09
7.109102986600962733e-09
1.043741264902625897e-08
4.276362181037766422e-09
6.847043229024226400e-09
1.835268927148943101e-08
1.769941763558813450e-09
7.209155161981666563e-09
1.852969912490655377e-09
5.003431567414599973e-09
3.471363848038924631e-09
3.888055211779801382e-09
2.094503580685073443e-09
3.730256847777043227e-09
1.550727817411825366e-08
1.852917143968772591e-09
4.568862379469707468e-09
5.777761901085622129e-10
4.355852185960601248e-09
4.916658232759429475e-10
9.888605221683391019e-11
1.946817360705724784e-09
4.827426239711925612e-09
1.224444786443579349e-09
7.207832457828704571e-10
2.751994989612563722e-09
1.846685523559337929e-08
1.679003252711089518e-09
2.633345752855260487e-09
1.295600839110553338e-09
3.684308798848713581e-09
1.134084716608567772e-09
2.788405912806476238e-09
8.048741643620600485e-09
8.191749036012796126e-09
1.059371956217623464e-09
8.703241502625407455e-10
8.565549940117605437e-09
8.563565691585909250e-11
4.503334296264588321e-11
4.746056231926297684e-09
8.911959669337929479e-09
2.826375910902645120e-10
4.755224887437564150e-10
4.226702233809644109e-09
3.982890908852821885e-09
2.072157286292900834e-10
1.097919134386051704e-09
4.477796208676523280e-09
1.949335476563572742e-10
7.606760993659332846e-09
8.868182736082904491e-10
1.583483396585489342e-08
4.063024375426549378e-09
1.946111736014982529e-08
8.196811557759112164e-10
3.437764254490042282e-09
7.499973736797339078e-10
9.631473165693679886e-11
5.860131101895863684e-09
1.605324934985896939e-09
5.485354289058027158e-09
1.245641177006940234e-08
1.108553906494152870e-09
1.219934146128861346e-09
2.741739830792305802e-09
3.273541478056315632e-09
2.852829221946120442e-09
4.531673074145702002e-09
1.241201742373560968e-08
7.886991679810116466e-09
3.142441588387632674e-09
6.150621599925218217e-10
1.556527332286162788e-08
1.248349457384036773e-09
2.064336071519735922e-09
8.792679062745929264e-09
4.383139199557043104e-09
3.427327009881028795e-09
6.693375248143592089e-09
9.395104240496091873e-09
6.632490765843180883e-09
1.156407517916595511e-08
2.271808441447642912e-09
2.471517234553694648e-09
6.677759622325563149e-09
2.718577009893931098e-09
3.267746427636546912e-09
7.694384456543172589e-09
2.149460981028670603e-09
1.991303614456538268e-10
1.208483522883947331e-09
1.313830066689730415e-09
2.904742810387235864e-09
6.437259015939811609e-09
1.221219397366197479e-08
5.451275561300214898e-10
2.187169525852753997e-09
9.976197870540830708e-09
3.988889276479384444e-09
3.036585997290389808e-10
1.123481787839105259e-09
5.373926131184434747e-09
4.232623581477177312e-10
7.640730759186685845e-09
1.438695814997013335e-09
6.648683363620473087e-10
3.884325458770738893e-09
1.301781761318178407e-08
8.350807596731158919e-09
3.794161073470144747e-09
4.870894878963836490e-09
1.674984576865815163e-10
7.664978214122576173e-09
1.590555045072401349e-10
1.094398303744175699e-09
8.573169622222501173e-09
2.768678842271576308e-09
1.058214055138186626e-10
7.740647346963499925e-09
9.920596727900800852e-09
2.934423158130100736e-10
3.880076073084618309e-09
4.662279666511860634e-11
1.130088779641490944e-09
2.641891540360600804e-09
5.930063329336368545e-09
3.467907011156261587e-09
6.559033791096974846e-10
1.584468267681322452e-08
6.587154409873943408e-09
4.943321982312309346e-09
8.574289089594689410e-10
6.453281632853650995e-10
3.046267377092805060e-09
1.911045713496370492e-09
3.848760104239843254e-10
1.077863273696571771e-08
5.335976417409485358e-12
3.209917508663933209e-09
1.086617951757604827e-09
5.596232446952223021e-09
5.226041795514715733e-09
1.226229081620477022e-08
2.906099064916230898e-10
3.167337381027151377e-09
2.142595244850625490e-09
1.844600906978837729e-09
3.564781153515532310e-10
2.139462218218616193e-08
2.119232958460123760e-09
8.109930746367836452e-09
6.284700550266237789e-10
2.996052099265614221e-09
1.181222615098865606e-09
1.253916794775324056e-08
1.171295694588647291e-08
2.554736621660794155e-10
3.108758552635972920e-10
4.402633980642395983e-09
1.836357851379205335e-08
2.117943302678376047e-08
1.549212794147895206e-09
2.151460271823766259e-09
1.538169224391148783e-08
3.258330426859109585e-11
5.253471087665030174e-09
2.537809517005298760e-09
5.001098824056291213e-09
3.409707334418433738e-09
1.229761314578004739e-08
1.337696575068442688e-08
9.786507845012446343e-10
6.232318678780044414e-09
8.604416980732480983e-10
1.032799908262142753e-09
9.710352328626959503e-09
4.389364196628132984e-09
5.125530553167350615e-09
1.586057777673053914e-08
1.721738131800110651e-08
3.056659378953112977e-09
9.064756793529942810e-09
5.019311869662300171e-09
3.256730679729097018e-09
7.357918881201219833e-09
2.437891374559573131e-10
3.325675262492656059e-10
1.602235675593171949e-09
1.018656531489993247e-08
2.413905997488483161e-09
2.727247194674137659e-09
2.936553443287763118e-09
2.455503023729521077e-09
1.493709373616615711e-09
4.695615534140610243e-09
3.133227882715159264e-10
1.106206761332670033e-08
5.100511190122761798e-10
2.105481554365791617e-11
6.911366750749691250e-09
5.480504562633029516e-09
1.664790476333334232e-09
1.308887315438683893e-08
2.693405237479865637e-09
5.201300610950410306e-10
1.863544286379887725e-09
1.483857408759846906e-09
1.400006458072568128e-08
1.429803535565536245e-09
1.852834487362917441e-09
1.465224912370863403e-09
1.084603115245237419e-09
4.969294940822154243e-09
4.576323699020641846e-09
1.443107322707227777e-09
1.686185155478538638e-09
1.601142391592646946e-09
9.316382208850882100e-09
9.596369311820864875e-09
4.107660836953032939e-09
1.375457282861827790e-09
3.082081899781764480e-09
5.741951824373890627e-09
6.428462326747409392e-09
3.746146698403575866e-09
1.385153884072235214e-08
7.932361579894614815e-09
1.989757905273698386e-09
4.047945556510304429e-09
2.480734550823475026e-09
4.235345283968507272e-09
8.931907724206415040e-10
1.602511448521816970e-12
1.715244009968667060e-09
8.762117278336709168e-09
1.572252841581055466e-08
1.747396295736631552e-09
4.514430943513102382e-09
7.267465786093393462e-09
1.520881139882297509e-09
5.625861637491496329e-09
1.567717884091226983e-08
1.536297527308318591e-08
3.200602736428515869e-09
7.538717638188935230e-09
5.678463026049819155e-10
3.690633427010352835e-09
1.020740307581161543e-08
2.349454469653355743e-09
1.353655785395097316e-08
3.554955359466205198e-08
5.398935585671034193e-09
3.646971984084250598e-09
6.399154767943642360e-10
1.923006175182962820e-09
3.541547249919773396e-09
8.996657805937650867e-09
1.372216096803934628e-08
7.485136790905017930e-09
1.934284616903799159e-08
1.163374648908983389e-08
6.059471211422383568e-09
2.662393064234180566e-08
8.600340947918209315e-09
2.805848079226402402e-09
4.878198429017779068e-09
2.866015260276093835e-09
2.290507082960537732e-09
2.884362690101748121e-09
2.018421383366535437e-09
4.953887369699949757e-10
4.568510223015617848e-10
8.402736143202814017e-09
2.503074358560437423e-09
4.118566226842367604e-10
2.358922279771704542e-09
4.626682807219754970e-10
6.421303756054417903e-09
5.007914670093871607e-09
5.235648506012921608e-09
5.561131874419233580e-09
6.524453168752097546e-09
8.249149281324119181e-09
6.807404601261897218e-09
8.668676106982248808e-09
6.980204283323010741e-09
2.108308827720702262e-09
4.293969144047161994e-09
1.859237108260145762e-09
7.292297575983512152e-09
4.134794017331541469e-09
1.217101870391795050e-09
3.503709357323493071e-09
1.856015016045778589e-09
9.964579243737411553e-09
1.297589037030212663e-09
2.225692021529176431e-09
1.106320360843711313e-09
3.707711598080812769e-10
1.963876891755491547e-08
2.086539317731352412e-10
5.689837163886087935e-09
3.441035586718583961e-09
3.310818927784200211e-09
2.037116576841457730e-09
2.065516322056079280e-09
2.867575718346671611e-09
1.940835594259555326e-08
8.021316334183646847e-09
1.947559719747231635e-09
6.801317150292717053e-09
1.805711340000553614e-11
2.940383361433189972e-08
2.474804097494219949e-10
1.066337579559196521e-09
1.039639565885980794e-08
1.565982549591224495e-09
3.353582404692041253e-09
3.907973709404990667e-09
4.580963478804263339e-09
4.269098946688461257e-10
6.260198584477683581e-10
3.420438872339903247e-09
3.862233892291429645e-09
6.116577864930286343e-10
2.005593590260267795e-09
9.424642905461575314e-10
9.546131450325660639e-09
3.983081463441841610e-09
9.806786614531466828e-09
2.569100435094408940e-10
3.461374845500617963e-09
6.297726319499131046e-09
1.117831882455769325e-09
2.650612214229198626e-09
2.844996441764374862e-09
7.089054571540098970e-09
2.578829342681522090e-09
6.012182569481362189e-09
1.837066216084982719e-08
1.669344803283323070e-09
2.922365085237542734e-09
1.243148785875736175e-09
6.274072485486832841e-09
2.411137897678018575e-09
1.033958589640401778e-09
3.216729917863689302e-10
7.871824341040545766e-10
3.638691850539031569e-09
6.748856150248940431e-10
1.860212060113587992e-08
2.150813528005769026e-09
1.590597849778629102e-09
3.079914304303318724e-09
1.939730649158012938e-09
4.343172035814560394e-09
2.633688267853103776e-09
1.635223730741948268e-09
7.076107288977272862e-10
2.904916161919983179e-09
8.836989740227099318e-10
9.969848138985935965e-09
1.299619832682990729e-08
1.832664385034986668e-08
4.973884647479581062e-11
1.400587638237001021e-08
1.506395259857967782e-09
6.957542283288110938e-09
5.311115309699194687e-09
1.939251235256464577e-09
7.557018250189923448e-09
9.296995410607081578e-09
2.849935927749985653e-09
8.435096370331073167e-10
3.089944322598455126e-09
1.702658116029859478e-09
4.003492703615325453e-09
2.389331770985536984e-10
3.992542133222922029e-09
3.383749346801769672e-09
1.640598732243902390e-09
3.491867404661364436e-09
3.272664360175856253e-09
2.629532304812721602e-10
2.801889070899905838e-09
1.815016871994391930e-09
5.046334447177675526e-09
4.444987246978447696e-09
2.928366976209470651e-08
4.153151373972849196e-09
1.102170841914703242e-09
4.341199317416227253e-10
3.152633082946197125e-11
1.492117586846417786e-09
9.749850786218343855e-09
3.942016800608552965e-10
2.796486648451774934e-10
1.889174812771525174e-10
1.923264810969330316e-09
5.138842683908627906e-10
3.750346597054286725e-09
1.333231987784061649e-09
7.146596335744028304e-09
7.763177253382312593e-09
5.764687272895251168e-09
8.261245554323249765e-10
2.583630437453627464e-09
5.841385144588782059e-10
1.209522146139325610e-09
2.393404896795182640e-10
5.466744241026171267e-09
6.741396720838031748e-09
1.188915743750665729e-08
8.777297597912345374e-09
2.452991133743560641e-10
1.455336162830002835e-08
4.957870990041723846e-09
7.256927328933085881e-10
5.600245249175363906e-10
1.633910764681304259e-09
2.245113453653078751e-09
2.251905015334446653e-09
4.420379659925002973e-09
9.053127008059272840e-09
4.074072752753466527e-09
6.092151382633592362e-09
1.953893527712004332e-09
7.230300653175911060e-12
5.445659946149836942e-09
7.827797538912106946e-09
1.160838580387042335e-09
5.136510445607995427e-10
5.497607906587140058e-09
8.486455330178331615e-09
1.674290573978908185e-09
1.387952535098729146e-09
4.832884800651463300e-09
3.629727876916284431e-09
9.796019188970686390e-09
5.365024681216798719e-09
3.868950538276564944e-09
4.681568789937269293e-09
4.028485336915067683e-10
1.462288888774576116e-09
1.887074388728434483e-09
7.800785583839399822e-09
6.976036879935887911e-10
3.376246487552354449e-09
1.057725614684041650e-09
7.327330259924616847e-10
1.336948348711766400e-09
1.258577237818194791e-08
5.739247920335575848e-09
9.223227366113011584e-09
5.045079668396536121e-09
8.169176185600264678e-10
2.406508188745597763e-09
2.673689419642450352e-09
4.762020601357313064e-09
7.100221699656530246e-10
5.701948345107953596e-10
2.902404225348606097e-09
1.351237186244959091e-09
4.954176705356715903e-09
6.646816010017761860e-09
8.666962966383678257e-09
4.255771355927241359e-09
2.540401680115620901e-09
2.879042964399065580e-09
4.852311218787247160e-09
1.656656558312851739e-09
4.585536123992941697e-10
4.421886132701667261e-09
2.321853056447416624e-09
5.755178031929326076e-09
6.352351963080911878e-09
1.635062117084535623e-09
2.475626289920079750e-09
3.988430115546832812e-09
1.312525584758702621e-09
4.747390592400717631e-10
5.650601579651605087e-09
4.410481513031259354e-09
6.239432477537414366e-10
1.112911431776032873e-08
4.911327829592887229e-09
7.415233871993871425e-10
3.713567628976623745e-09
2.673531757552067702e-09
4.090956740237618860e-09
8.768166960380130675e-10
5.045434396839995499e-10
1.797541908152244162e-09
8.295785326721448375e-10
2.910166476051376032e-10
2.938111756224927475e-09
1.121419148281338902e-08
9.354649715271133494e-10
1.471805597225556972e-09
1.731322705836690675e-08
6.982430092204763107e-09
6.669296526502053953e-09
3.039409628429469971e-09
2.147837785489741645e-09
1.982502097222958204e-09
3.820213351554103437e-09
1.035655863287727038e-09
8.793604015732178205e-09
1.803939176824248844e-09
2.344523752624169739e-09
2.635858716589090676e-09
2.093454909479577867e-09
1.244478728716474965e-09
1.768664258903048001e-09
3.702789501037902430e-09
4.608424358838130613e-09
1.451101599736340664e-08
4.232139055222264936e-09
4.674930006214949264e-09
3.268087412908515382e-09
2.070520397806219175e-10
4.910035451058842811e-09
8.520140226192526412e-09
1.990037050321077368e-10
3.792206231350097453e-10
1.047749310634851869e-09
5.815538098283502388e-09
5.335211736368283498e-09
8.757864434102645516e-10
3.113823095215285067e-10
7.114082946124986408e-09
8.487375042193706082e-09
1.574861996574398475e-09
1.250442029615763750e-08
1.145363365734021526e-09
3.652702742110006857e-09
2.401840314063069630e-08
9.375958255023399840e-09
2.823789580331297847e-09
2.968751068261346299e-09
2.513736715201442461e-09
1.288795141262130084e-08
4.283150261837980184e-11
4.912863803481041027e-09
6.252015811476734357e-09
1.119934688840340638e-09
2.084855559837678881e-09
4.011812888631900834e-10
4.017919805800942420e-09
6.155786635638326904e-10
6.037638433600289641e-09
4.416410634026569294e-10
3.415297343562580017e-11
9.839922362921667106e-10
4.832452383254445598e-10
3.535156212997017524e-09
5.218209746118421721e-09
2.984961031757454644e-09
3.071175853521106922e-09
5.346336995283082009e-10
6.354449059960812383e-09
8.201418485311834443e-09
2.865617051220027882e-09
7.229981159961796751e-10
2.880850197635879030e-09
3.666551842259586373e-09
3.199425795982180163e-09
6.791996932354923533e-09
1.308383961416699502e-08
1.779997341052382804e-09
2.768533218710954847e-09
3.091469632430589665e-09
1.397572391992921308e-08
9.891300004744106742e-11
8.238640563091932070e-09
5.579372251187543740e-10
4.194700188357638084e-09
2.771156462216098050e-09
1.033955424014096626e-08
1.908671745967625959e-09
6.898859919944446501e-09
3.387326932662618187e-09
1.624317646321968090e-10
5.338530016147758940e-09
4.196173474104958594e-09
4.079884949036733395e-10
5.084651038474321913e-09
1.427610803352261765e-09
5.525000471612759492e-09
1.466398056778222364e-09
7.608769372026010440e-09
3.589987507494906055e-09
4.518537007929341220e-09
7.620874429329988930e-10
1.346688713715847959e-08
3.129632847373336826e-10
2.508014414474963886e-10
5.054311672967914823e-09
3.556936159156373981e-09
6.913448084333420841e-10
7.802793806029120206e-09
8.266326985643962218e-09
8.675450736930058794e-09
7.683539859061355888e-09
1.972103811501184393e-09
1.735834383464738291e-09
1.507435480290364925e-08
1.045870411081119678e-09
5.554543731213951657e-09
1.038743417863373874e-09
4.910924303393860801e-10
6.945185535904548620e-09
3.499311192194207120e-09
1.864136628680669895e-09
1.423324614588538841e-09
2.675085471836530794e-09
4.748040069743429229e-10
2.906592304836096457e-09
1.968662873966806116e-10
1.081704575730605940e-09
6.768693571523862422e-09
1.121681274150585218e-08
8.037860698977589056e-09
2.396901624131408416e-10
7.054415410621197493e-09
2.039685498422248012e-08
4.749060956694102240e-10
1.392604376954334012e-09
2.905913075741657681e-09
2.994470111977157059e-10
6.120631281891478444e-09
2.268516250067425543e-09
6.752181944944660814e-09
1.840173205177572902e-09
2.666852089181983466e-09
4.069124444989478218e-09
1.229387109817691234e-09
1.328492738641065746e-09
3.255572574454057231e-09
4.103194975380743902e-09
3.750517079976608273e-10
1.972173606001648778e-09
8.002501705888831696e-09
1.696413255057466616e-08
5.280342811662942286e-09
2.877913596033182944e-09
8.319639466934818488e-09
5.913329404169335950e-10
5.957383954891328213e-09
2.512100125514283084e-09
3.392166543486676065e-09
1.110665878139595717e-08
1.027183459030557175e-08
7.541230769696367578e-09
5.489858923012494236e-09
1.019991370755043032e-09
1.271803404000427981e-09
2.870806168653682111e-09
1.334452260220086514e-10
2.195636466852957725e-09
1.205237328561418850e-08
1.174694716256979748e-09
5.752382264802393170e-09
5.794036328099074401e-10
1.611570756634490280e-09
8.165951877170850412e-09
6.821263078733395555e-09
6.198220278893014515e-09
2.848366600496054330e-09
4.287502856663553198e-09
4.219212885359267578e-09
1.910211601023034499e-10
3.709600628183481395e-09
2.542589999617429799e-09
2.478267567359616835e-09
1.845939200933114584e-08
9.891066397415039428e-09
4.930419993376448873e-09
3.481326033956622737e-09
6.044476780102605886e-10
4.120859438944334900e-09
9.294920468127351620e-10
3.877114903968170661e-09
1.917833150365040134e-09
1.235483945994275908e-09
3.702021400927577213e-09
5.637206870693494713e-09
1.745083427371497650e-09
4.482855192504966190e-10
5.275533998670189616e-09
3.682084692070773223e-09
4.424467795020624843e-09
5.242106483725122110e-09
1.666890335625482219e-08
1.340266276121234445e-09
1.283716422363035357e-08
1.179589734698985062e-09
1.479034832591181338e-09
1.790456146891363753e-10
8.557736299618045961e-09
6.373514882592067717e-10
2.719335989504302054e-09
1.122373460376078109e-09
2.933232433891434880e-09
1.157497598211587047e-08
6.569111775771285972e-09
6.803646956385794451e-10
5.602833460841964278e-09
1.185521445249265689e-09
2.469507179339654620e-09
8.936384663169108410e-10
2.454135733038569160e-09
8.974488229758950748e-09
1.202269307630277526e-08
4.618970072177913537e-09
2.929790382363932584e-09
2.052731545442171423e-09
9.528481337960193221e-10
5.519216864756329845e-09
5.629502624898873508e-09
5.693962707237828792e-09
4.985527884789711080e-10
3.843672558979157850e-10
1.834662651762402870e-10
1.008606144083416452e-08
1.355823230907586387e-09
2.242624720904364620e-09
2.818622635174414532e-09
1.481673211513738393e-09
8.961420648113148970e-10
1.059012721961446821e-09
2.018373029618476988e-09
5.106298886887728658e-09
9.503448217286451606e-10
2.873141982929485675e-10
9.098848879174835476e-09
1.533593028396529180e-10
1.127894479596647730e-09
1.229735416851940306e-08
5.271396799298897045e-09
4.957356513136605496e-09
1.911786053184666921e-09
1.678681462134857960e-09
1.272139687662540718e-08
6.954890420189439631e-09
5.143499913485894285e-09
4.239034246506382109e-10
1.039756500845416157e-08
6.376267524454866452e-09
8.714218808446644968e-10
2.215246618767601405e-09
7.939867176474628664e-09
4.573223226431779585e-09
2.484568666185630627e-09
4.301696580918604552e-09
9.085837588707119127e-09
1.409539716251504773e-09
1.110536498693743812e-08
6.472583817466864896e-09
1.838092711474697269e-09
1.033845513585599817e-09
3.066675559494600373e-10
1.499073078461294128e-10
2.184136411548533806e-10
2.454885794355472005e-09
2.910642949743686404e-09
2.888938203094660307e-10
3.337227430945757771e-09
4.204989257879486088e-09
8.338714927464930357e-09
9.868426753403427402e-10
1.455102388411995170e-09
3.363434797963578232e-09
1.244930091221387956e-09
6.975698854479066238e-10
1.977308215186674480e-09
1.282468342645433517e-08
8.974817244545645264e-09
3.846188479223582824e-09
4.933904590687800955e-10
1.292752086835059104e-11
1.092555393713623698e-08
9.657946888975682531e-10
2.984433634289087855e-09
3.896222311752202180e-10
1.145795258075721027e-08
4.825582745947749553e-09
1.783387002028907630e-09
3.231778379715135542e-09
7.494976737434751266e-09
